function [a1,a2,b1,b2,g1,g2,a3,b3,c1,c2,c3,c4,K] = pars()

a1 = 0.3;
a2 = 0.1;

b1 = 0.2;
b2 = 0.02;

g1 = -0.3;
g2 = 0.5;

a3 = 0.055;
b3 = 0.05;

c1 = 0.001;
c2 = -0.005;
c3 = 0.001;
c4 = 0.0;

K = 300.0;
end