function [a1,a2,b1,b2,g1,g2] = pars()

a1 = 0.3;
a2 = 0.1;

b1 = 0.2;
b2 = 0.02;

g1 = -0.3;
g2 = 0.5;

end